# overlap benchmark: 4 GPUs
# device 0: NVIDIA A40 sm_86
# device 1: NVIDIA A40 sm_86
# device 2: NVIDIA A40 sm_86
# device 3: NVIDIA A40 sm_86
# canAccessPeer 0->1: yes
# canAccessPeer 0->2: yes
# canAccessPeer 0->3: yes
# NCCL's own transport choice is the authority here; run with
# NCCL_DEBUG=INFO to capture it alongside these results.
# workload standalone characterisation (per repetition, per GPU):
#   compute-gemm      51.87 us  gemm 512x512  0.27 GFLOP  -> 5175.5 GFLOP/s  (AI ~ 85 flop/byte, design)
#   memory-triad     219.21 us  96 MiB moved -> 459.2 GB/s          (AI ~ 0.17 flop/byte, design)
#   mixed            165.46 us  64 MiB moved -> 405.6 GB/s          (AI ~ 8 flop/byte, design)
# arithmetic intensity is BY CONSTRUCTION; it is counter-verified only if
# Nsight Compute was available on this host (recorded separately).
experiment,workload,comm_bytes,ratio_target,gemm_reps,bucket_bytes,n_buckets,t_compute_us,t_comm_us,t_seq_us,t_overlap_us,t_ideal_us,overlap_efficiency,exposed_comm_us,comp_during_overlap_us,comm_during_overlap_us,repeat
micro,compute-gemm,134217728,0.25,181,0,0,6713.089,37788.944,44488.928,37997.602,37788.944,0.9689,31284.512,13291.232,38191.040,0
micro,compute-gemm,134217728,0.25,181,0,0,6637.737,37634.745,44061.797,37941.710,37634.745,0.9522,31303.973,13424.992,38164.673,1
micro,compute-gemm,134217728,0.25,181,0,0,6650.123,37713.012,44356.369,38206.547,37713.012,0.9257,31556.424,13254.368,38273.602,2
micro,compute-gemm,134217728,0.50,362,0,0,13311.159,37683.275,50909.165,38277.408,37683.275,0.9551,24966.249,26468.639,38142.368,0
micro,compute-gemm,134217728,0.50,362,0,0,13218.335,37570.179,50878.837,38194.442,37570.179,0.9531,24976.107,26668.991,38275.360,1
micro,compute-gemm,134217728,0.50,362,0,0,13363.205,37516.952,51007.581,38057.239,37516.952,0.9600,24694.035,26556.128,38262.817,2
micro,compute-gemm,134217728,0.75,543,0,0,19911.544,37632.972,57735.612,38762.078,37632.972,0.9438,18850.533,38877.377,38353.409,0
micro,compute-gemm,134217728,0.75,543,0,0,19897.845,37569.523,57579.507,38888.573,37569.523,0.9341,18990.727,39072.353,38690.849,1
micro,compute-gemm,134217728,0.75,543,0,0,20044.764,37671.359,58049.536,38920.719,37671.359,0.9387,18875.954,39045.887,38660.706,2
micro,compute-gemm,134217728,1.00,724,0,0,26567.353,37779.553,64032.297,43786.918,37779.553,0.7712,17219.565,43776.608,38182.690,0
micro,compute-gemm,134217728,1.00,724,0,0,26530.961,37430.435,64146.718,43943.002,37430.435,0.7562,17412.041,43872.578,38258.209,1
micro,compute-gemm,134217728,1.00,724,0,0,26563.179,37497.192,64554.605,44134.612,37497.192,0.7547,17571.433,44137.665,38612.320,2
micro,memory-triad,134217728,0.25,43,0,0,9039.689,37441.127,46641.764,38331.779,37441.127,0.9032,29292.091,11407.456,38545.696,0
micro,memory-triad,134217728,0.25,43,0,0,9041.371,37548.975,46471.508,38427.516,37548.975,0.9015,29386.145,11415.264,38126.369,1
micro,memory-triad,134217728,0.25,43,0,0,9028.556,37735.331,46519.904,38498.051,37735.331,0.9132,29469.495,11435.040,38799.583,2
micro,memory-triad,134217728,0.50,86,0,0,18044.644,37413.400,55600.283,39467.494,37413.400,0.8871,21422.850,21785.152,39184.799,0
micro,memory-triad,134217728,0.50,86,0,0,18049.630,37677.463,55468.858,39143.565,37677.463,0.9176,21093.935,21965.183,39024.288,1
micro,memory-triad,134217728,0.50,86,0,0,18045.619,37300.587,55454.277,39405.905,37300.587,0.8840,21360.286,21750.336,39283.810,2
micro,memory-triad,134217728,0.75,129,0,0,27071.625,37394.796,64673.300,40648.192,37394.796,0.8807,13576.567,33068.066,40776.897,0
micro,memory-triad,134217728,0.75,129,0,0,27073.890,37574.850,64856.050,40754.450,37574.850,0.8835,13680.561,33105.633,40556.255,1
micro,memory-triad,134217728,0.75,129,0,0,27060.742,37718.878,64542.520,40758.932,37718.878,0.8867,13698.189,32789.375,40904.770,2
micro,memory-triad,134217728,1.00,171,0,0,35886.605,37451.880,73579.144,42461.256,37451.880,0.8613,6574.652,42635.231,41166.656,0
micro,memory-triad,134217728,1.00,171,0,0,35883.647,37270.922,73301.685,42871.522,37270.922,0.8446,6987.875,42956.638,41192.097,1
micro,memory-triad,134217728,1.00,171,0,0,35870.504,37553.173,73320.697,43154.495,37553.173,0.8434,7283.990,42624.352,41239.231,2
micro,mixed,134217728,0.25,57,0,0,8926.958,37330.596,46384.089,37466.281,37330.596,0.9850,28539.323,11517.248,37470.783,0
micro,mixed,134217728,0.25,57,0,0,8926.708,37347.209,46572.310,37394.770,37347.209,0.9948,28468.062,11553.408,37429.600,1
micro,mixed,134217728,0.25,57,0,0,8928.051,37479.792,46320.985,37350.522,37479.792,1.0146,28422.471,11523.968,37480.736,2
micro,mixed,134217728,0.50,114,0,0,17832.963,37412.150,55174.618,37942.239,37412.150,0.9702,20109.276,23290.176,37882.336,0
micro,mixed,134217728,0.50,114,0,0,17834.637,37332.684,55383.269,37899.240,37332.684,0.9686,20064.603,23243.776,38045.567,1
micro,mixed,134217728,0.50,114,0,0,17843.585,37579.595,55484.285,37882.852,37579.595,0.9831,20039.267,22544.064,37957.535,2
micro,mixed,134217728,0.75,170,0,0,26603.837,37381.886,64156.358,38182.643,37381.886,0.9701,11578.806,33755.104,37894.623,0
micro,mixed,134217728,0.75,170,0,0,26598.513,37408.618,64097.389,38021.324,37408.618,0.9770,11422.811,34169.441,38043.777,1
micro,mixed,134217728,0.75,170,0,0,26579.491,37345.570,64053.458,37949.608,37345.570,0.9774,11370.118,33931.519,37886.944,2
micro,mixed,134217728,1.00,227,0,0,35528.330,37296.030,72864.426,43462.486,37296.030,0.8266,7934.156,43297.630,38155.296,0
micro,mixed,134217728,1.00,227,0,0,35538.189,37552.284,73025.504,43385.257,37552.284,0.8356,7847.068,43325.600,38059.200,1
micro,mixed,134217728,1.00,227,0,0,35516.898,37464.075,72693.766,43592.981,37464.075,0.8260,8076.083,44306.465,38688.290,2
